{
 "cells": [
  {
   "cell_type": "markdown",
   "id": "02776cb1",
   "metadata": {},
   "source": [
    "## Описание напряженного состояния упругого тела"
   ]
  },
  {
   "cell_type": "markdown",
   "id": "ec63d66e",
   "metadata": {},
   "source": [
    "### Тензор напряжений (тензор Коши)\n",
    "\n",
    "Тензор напряжений — это симметричный тензор, который описывает распределение внутренних сил в материале. Он показывает, какие напряжения (силы на единицу площади) действуют на бесконечно малые площадки, проходящие через данную точку тела.\n",
    "\n",
    "<p align=\"center\">\n",
    "<img src=\"./Images/Stress_tensor.png\" alt=\"Тензор напряжений\" width=\"450\" style=\"background-color:white;\"/>\n",
    "</p>\n",
    "\n",
    "#### Компоненты тензора напряжений в декартовой системе координат\n",
    "\n",
    "$$\n",
    "\\boldsymbol{\\sigma} =\n",
    "\\begin{bmatrix}\n",
    "\\sigma_{xx} & \\sigma_{xy} & \\sigma_{xz} \\\\\n",
    "\\sigma_{yx} & \\sigma_{yy} & \\sigma_{yz} \\\\\n",
    "\\sigma_{zx} & \\sigma_{zy} & \\sigma_{zz}\n",
    "\\end{bmatrix}, где:\n",
    "$$\n",
    "\n",
    "- Диагональные компоненты $\\sigma_{xx}, \\sigma_{yy}, \\sigma_{zz}$ — нормальные напряжения (растяжение/сжатие).\n",
    "- Недиагональные компоненты $\\sigma_{xy}, \\sigma_{yz}$ и т.д. — касательные (сдвиговые) напряжения.\n",
    "- По закону парности касательных напряжений: $\\sigma_{ij} = \\sigma_{ji}$. Т.е. тензор симметричен, и содержит 6 независимых компонент.\n",
    "\n",
    "Если через точку провести площадку с нормалью $\\vec{n}$, то вектор напряжений на этой площадке:\n",
    "\n",
    "$$\n",
    "\\vec{T}^{(n)} = \\boldsymbol{\\sigma} \\cdot \\vec{n}\n",
    "$$"
   ]
  },
  {
   "cell_type": "markdown",
   "id": "4fe12cc7",
   "metadata": {},
   "source": [
    "### Тензор деформаций\n",
    "\n",
    "**Тензор деформаций** - это симметричный тензор, который описывает изменения формы и размеров бесконечно малого элемента тела (удлинения, сдвиги).\n",
    "\n",
    "<p align=\"center\">\n",
    "<img src=\"./Images/Strain_tensor.png\" alt=\"Тензор деформаций\" width=\"450\" style=\"background-color:white;\"/>\n",
    "</p>\n",
    "\n",
    "#### Компоненты тензора малых деформаций в декартовой системе координат\n",
    "\n",
    "$$\n",
    "\\boldsymbol{\\varepsilon} =\n",
    "\\begin{bmatrix}\n",
    "\\varepsilon_{xx} & \\varepsilon_{xy} & \\varepsilon_{xz} \\\\\n",
    "\\varepsilon_{yx} & \\varepsilon_{yy} & \\varepsilon_{yz} \\\\\n",
    "\\varepsilon_{zx} & \\varepsilon_{zy} & \\varepsilon_{zz}\n",
    "\\end{bmatrix}, где:\n",
    "$$\n",
    "$$\n",
    "\\begin{gather}\n",
    "\\varepsilon_{xx} = \\dfrac{\\partial u_x}{\\partial x}, \\varepsilon_{yy} = \\dfrac{\\partial u_y}{\\partial y}, \\varepsilon_{zz} = \\dfrac{\\partial u_z}{\\partial z} \\\\\n",
    "\\varepsilon_{xy} = \\varepsilon_{yx} = \\dfrac{1}{2} \\left( \\dfrac{\\partial u_x}{\\partial y} + \\dfrac{\\partial u_y}{\\partial x} \\right)\n",
    "\\end{gather}\n",
    "$$\n",
    "- $\\varepsilon_{xx}, \\varepsilon_{yy}, \\varepsilon_{zz}$ — относительные удлинения (нормальные деформации),\n",
    "- $\\varepsilon_{xy}, \\varepsilon_{yx}$ — половина угла сдвига в плоскости \\(xy\\),\n",
    "- Аналогично для других компонент.\n",
    "\n"
   ]
  },
  {
   "cell_type": "markdown",
   "id": "2ae9d291",
   "metadata": {},
   "source": [
    "### Связь между тензорами напряжений и деформаций - физические уравнения\n",
    "\n",
    "Для линейно упругих тел связь между напряжениями и деформациями задаётся законом Гука:\n",
    "\n",
    "$$\n",
    "\\sigma_{ij} = C_{ijkl} \\, \\varepsilon_{kl},\n",
    "$$\n",
    "\n",
    "где $C_{ijkl}$ — тензор упругих постоянных. Он содержит 81 компонент, которые в общем случае (анизотропное тело) сводятся к 21 упругой константе, а для изотропного тела — к 2: модуль Юнга и коэффициент Пуассона.\n",
    "\n",
    "Для изотропного материала закон Гука в развёрнутом виде:\n",
    "\n",
    "$$\n",
    "\\begin{cases}\n",
    "\\sigma_{xx} = \\lambda (\\varepsilon_{xx} + \\varepsilon_{yy} + \\varepsilon_{zz}) + 2\\mu \\varepsilon_{xx} \\\\\n",
    "\\sigma_{yy} = \\lambda (\\varepsilon_{xx} + \\varepsilon_{yy} + \\varepsilon_{zz}) + 2\\mu \\varepsilon_{yy} \\\\\n",
    "\\sigma_{zz} = \\lambda (\\varepsilon_{xx} + \\varepsilon_{yy} + \\varepsilon_{zz}) + 2\\mu \\varepsilon_{zz} \\\\\n",
    "\\sigma_{xy} = 2\\mu \\varepsilon_{xy} \\\\\n",
    "\\sigma_{yz} = 2\\mu \\varepsilon_{yz} \\\\\n",
    "\\sigma_{zx} = 2\\mu \\varepsilon_{zx} \\\\\n",
    "\\end{cases}\n",
    "$$\n",
    "\n",
    "где $\\lambda, \\mu$ — коэффициенты, которые называют постоянными Ламе. Через модуль Юнга $E$ и коэффициент Пуассона $\\nu$ параметры Ламе выражаются следующим образом:\n",
    "\n",
    "$$\\lambda=\\frac{\\nu E}{(1+\\nu)(1-2\\nu)}$$\n",
    "$$\\mu=\\frac{E}{2(1+\\nu)}$$\n",
    "\n",
    "Второй коэффициент Ламе $\\mu$ также называют модулем сдвига и обозначают $G$."
   ]
  },
  {
   "cell_type": "markdown",
   "id": "9964dd7b",
   "metadata": {},
   "source": [
    "### Общая форма уравнений равновесия\n",
    "\n",
    "В случае отсутствия сил инерции и при условии статического равновесия уравнения записываются так:\n",
    "\n",
    "$$\n",
    "\\begin{cases}\n",
    "\\dfrac{\\partial \\sigma_{xx}}{\\partial x} + \\dfrac{\\partial \\sigma_{xy}}{\\partial y} + \\dfrac{\\partial \\sigma_{xz}}{\\partial z} + f_x = 0 \\\\\n",
    "\\dfrac{\\partial \\sigma_{yx}}{\\partial x} + \\dfrac{\\partial \\sigma_{yy}}{\\partial y} + \\dfrac{\\partial \\sigma_{yz}}{\\partial z} + f_y = 0 \\\\\n",
    "\\dfrac{\\partial \\sigma_{zx}}{\\partial x} + \\dfrac{\\partial \\sigma_{zy}}{\\partial y} + \\dfrac{\\partial \\sigma_{zz}}{\\partial z} + f_z = 0\n",
    "\\end{cases}\n",
    "$$\n",
    "где $f_x, f_y, f_z$ — это объемные силы, например, компоненты силы тяжести."
   ]
  },
  {
   "cell_type": "markdown",
   "id": "cabb5bc9",
   "metadata": {},
   "source": [
    "### Граничные условия\n",
    "Граничные условия обычно задаются по поверхности деформированного тела. Тело условно делится на две части: на одной частb граничные условия задаются через нагрузки, на другой - через перемещения.\n",
    "\n",
    "\n",
    "### Итого\n",
    "Приведенные выше соотношения составляют систему уравнений для трехмерного упругого тела в прямоугольной системе координат: соотношения между деформациями и перемещениями (1) и (2), уравнения равновесия, физические зависимости и граничные условия. Всего имеются 15 неизвестных: 6 напряжений, 6 деформаций и 3 перемещения. В этой системе уравнений часто прибегают к замене отдельных групп уравнений. На различные вариационные принципы, например:\n",
    "- **прицип возможных перемещений (стационарность полной потенциальной энергии)**;\n",
    "- метод Рэлея-Ритца;\n",
    "- смешанные вариационные принципы."
   ]
  },
  {
   "cell_type": "markdown",
   "id": "10b48e82",
   "metadata": {},
   "source": [
    "### Метод конечных элементов\n",
    "Метод конечных элементов (МКЭ) — метод решения дифференциальных уравнений с частными производными.\n",
    "\n",
    "Суть метода состоит в том, что конструкция, представляющая собой деформируемое тело, рассматривается в виде некоторого числа конечных элементов. Элементы связаны между собой в специальных точках, называемых **узлами**.\n",
    "\n",
    "<p align=\"center\">\n",
    "<img src=\"./Images/Beam_1.png\" alt=\"Схема балочного элемента\" width=\"450\" style=\"background-color:white;\"/>\n",
    "</p>\n",
    "\n",
    "Искомая непрерывная величина в каждом элементе представляется через систему аппроксимирующих функций - **функций формы**, выраженных через значения в узловых точках. Например, функции формы балочного элемента с двумя узлами, описывающие продольные перемещения $t_x(x)$, поперечные перемещения $t_y(x)$ и поворот $r_z(x)$ могут быть такими:\n",
    "\n",
    "$$\n",
    "\\begin{cases}\n",
    "t_x(x)= \\alpha_1 + \\alpha_2 x \\\\\n",
    "t_y(x)= \\alpha_3 + \\alpha_4 x + \\alpha_5 x^2 + \\alpha_6 x^3 \\\\\n",
    "r_z(x)= \\alpha_4 + 2\\alpha_5 x + 3\\alpha_6 x^2 \\\\\n",
    "\\end{cases}\n",
    "$$\n",
    "\n",
    "Вектор усилий в узлах также выражается через перемещения узлов при помощи **матрицы жесткости**. Для балочного элемента с двумя узлами можно записать так:\n",
    "\n",
    "$$\n",
    "\\displaystyle \\left[\\begin{matrix}Fx_1 \\\\ Fy_1 \\\\ Mz_1 \\\\ Fx_2 \\\\ Fy_2 \\\\ Mz_2\\end{matrix}\\right] = K \\displaystyle \\left[\\begin{matrix}t_{x1} \\\\ t_{y1} \\\\ r_{z1} \\\\ t_{x2} \\\\ t_{y2} \\\\ r_{z2}\\end{matrix}\\right]\n",
    "$$\n",
    "\n",
    "$$\n",
    "K = \n",
    "\\displaystyle \\left[\\begin{matrix}\\frac{EF}{L} & 0 & 0 & - \\frac{EF}{L} & 0 & 0 \\\\0 & \\frac{12 EI}{L^{3}} & \\frac{6 EI}{L^{2}} & 0 & - \\frac{12 EI}{L^{3}} & \\frac{6 EI}{L^{2}}\\\\0 & \\frac{6 EI}{L^{2}} & \\frac{4 EI}{L} & 0 & - \\frac{6 EI}{L^{2}} & \\frac{2 EI}{L}\\\\- \\frac{EF}{L} & 0 & 0 & \\frac{EF}{L} & 0 & 0\\\\0 & - \\frac{12 EI}{L^{3}} & - \\frac{6 EI}{L^{2}} & 0 & \\frac{12 EI}{L^{3}} & - \\frac{6 EI}{L^{2}}\\\\0 & \\frac{6 EI}{L^{2}} & \\frac{2 EI}{L} & 0 & - \\frac{6 EI}{L^{2}} & \\frac{4 EI}{L}\\end{matrix}\\right]\n",
    "$$\n",
    "\n",
    "### Вывод матрицы жесткости для конечного элемента балки для плоской задачи"
   ]
  },
  {
   "cell_type": "code",
   "execution_count": 12,
   "id": "caf77959",
   "metadata": {},
   "outputs": [
    {
     "data": {
      "text/latex": [
       "$\\displaystyle \\left[\\begin{matrix}tx_{1} \\left(1 - \\frac{x}{L}\\right) + \\frac{tx_{2} x}{L}\\\\rz_{1} \\left(x - \\frac{2 x^{2}}{L} + \\frac{x^{3}}{L^{2}}\\right) + rz_{2} \\left(- \\frac{x^{2}}{L} + \\frac{x^{3}}{L^{2}}\\right) + ty_{1} \\left(1 - \\frac{3 x^{2}}{L^{2}} + \\frac{2 x^{3}}{L^{3}}\\right) + ty_{2} \\left(\\frac{3 x^{2}}{L^{2}} - \\frac{2 x^{3}}{L^{3}}\\right)\\\\rz_{1} \\left(1 - \\frac{4 x}{L} + \\frac{3 x^{2}}{L^{2}}\\right) + rz_{2} \\left(- \\frac{2 x}{L} + \\frac{3 x^{2}}{L^{2}}\\right) + ty_{1} \\left(- \\frac{6 x}{L^{2}} + \\frac{6 x^{2}}{L^{3}}\\right) + ty_{2} \\left(\\frac{6 x}{L^{2}} - \\frac{6 x^{2}}{L^{3}}\\right)\\end{matrix}\\right]$"
      ],
      "text/plain": [
       "Matrix([\n",
       "[                                                                                                           tx1*(1 - x/L) + tx2*x/L],\n",
       "[rz1*(x - 2*x**2/L + x**3/L**2) + rz2*(-x**2/L + x**3/L**2) + ty1*(1 - 3*x**2/L**2 + 2*x**3/L**3) + ty2*(3*x**2/L**2 - 2*x**3/L**3)],\n",
       "[         rz1*(1 - 4*x/L + 3*x**2/L**2) + rz2*(-2*x/L + 3*x**2/L**2) + ty1*(-6*x/L**2 + 6*x**2/L**3) + ty2*(6*x/L**2 - 6*x**2/L**3)]])"
      ]
     },
     "execution_count": 12,
     "metadata": {},
     "output_type": "execute_result"
    }
   ],
   "source": [
    "from sympy import *\n",
    "from sympy.matrices import Matrix\n",
    "\n",
    "# Координата по длине балочного элемента.\n",
    "x = Symbol('x')\n",
    "\n",
    "# Полиномы поля перемещений балочного элемента (без постоянных коэффициентов).\n",
    "Q = Matrix([[1, x, 0, 0,    0,      0],  # Продольное перемещение (tx).\n",
    "            [0, 0, 1, x, x**2,   x**3],  # Поперечное перемещение (ty).\n",
    "            [0, 0, 0, 1,  2*x, 3*x**2]]) # Поворот сечения (rz).\n",
    "\n",
    "# Перемещения начала и конца балочного элемента.\n",
    "Z = Matrix(symbols('tx1, ty1, rz1, tx2, ty2, rz2'))\n",
    "# Длина балочного элемента.\n",
    "L = Symbol('L')\n",
    "# Полиномы для перемещения начала и конца балочного элемента.\n",
    "C = Q.subs(x, 0).col_join( Q.subs(x, L) )\n",
    "\n",
    "# Функция формы - выражение поля перемещений через перемещение узлов в начале\n",
    "# и конце балочного элемента.\n",
    "B = Q * C.inv() * Z\n",
    "B"
   ]
  },
  {
   "cell_type": "code",
   "execution_count": 13,
   "id": "285a3c76",
   "metadata": {},
   "outputs": [
    {
     "data": {
      "text/latex": [
       "$\\displaystyle \\left[\\begin{matrix}\\frac{EF \\left(tx_{1} - tx_{2}\\right)}{L}\\\\\\frac{6 EI \\left(L rz_{1} + L rz_{2} + 2 ty_{1} - 2 ty_{2}\\right)}{L^{3}}\\\\\\frac{2 EI \\left(2 L rz_{1} + L rz_{2} + 3 ty_{1} - 3 ty_{2}\\right)}{L^{2}}\\\\\\frac{EF \\left(- tx_{1} + tx_{2}\\right)}{L}\\\\\\frac{6 EI \\left(- L rz_{1} - L rz_{2} - 2 ty_{1} + 2 ty_{2}\\right)}{L^{3}}\\\\\\frac{2 EI \\left(L rz_{1} + 2 L rz_{2} + 3 ty_{1} - 3 ty_{2}\\right)}{L^{2}}\\end{matrix}\\right]$"
      ],
      "text/plain": [
       "Matrix([\n",
       "[                           EF*(tx1 - tx2)/L],\n",
       "[  6*EI*(L*rz1 + L*rz2 + 2*ty1 - 2*ty2)/L**3],\n",
       "[2*EI*(2*L*rz1 + L*rz2 + 3*ty1 - 3*ty2)/L**2],\n",
       "[                          EF*(-tx1 + tx2)/L],\n",
       "[ 6*EI*(-L*rz1 - L*rz2 - 2*ty1 + 2*ty2)/L**3],\n",
       "[2*EI*(L*rz1 + 2*L*rz2 + 3*ty1 - 3*ty2)/L**2]])"
      ]
     },
     "execution_count": 13,
     "metadata": {},
     "output_type": "execute_result"
    }
   ],
   "source": [
    "# Погонная осевая жесткость балки.\n",
    "EF = Symbol('EF')\n",
    "# Погонная изгибная жесткость балки.\n",
    "EI = Symbol('EI')\n",
    "# Потенциальная энергия деформации растяжения балки.\n",
    "Energy  = EF/2 * integrate(diff(B[0], x)**2, (x, 0, L))\n",
    "# Плюс потенциальная энергия деформации изгиба балки.\n",
    "Energy += EI/2 * integrate(diff(B[1], x, 2)**2, (x, 0, L))\n",
    "# Приращения энергии деформации балки по координатам.\n",
    "dEnergy = Matrix( len(Z), 1, lambda i, j: diff(Energy, Z[i]) )\n",
    "simplify(dEnergy)"
   ]
  },
  {
   "cell_type": "code",
   "execution_count": 14,
   "id": "8a41ab95",
   "metadata": {},
   "outputs": [
    {
     "data": {
      "text/latex": [
       "$\\displaystyle \\left[\\begin{matrix}\\frac{EF}{L} & 0 & 0 & - \\frac{EF}{L} & 0 & 0\\\\0 & \\frac{12 EI}{L^{3}} & \\frac{6 EI}{L^{2}} & 0 & - \\frac{12 EI}{L^{3}} & \\frac{6 EI}{L^{2}}\\\\0 & \\frac{6 EI}{L^{2}} & \\frac{4 EI}{L} & 0 & - \\frac{6 EI}{L^{2}} & \\frac{2 EI}{L}\\\\- \\frac{EF}{L} & 0 & 0 & \\frac{EF}{L} & 0 & 0\\\\0 & - \\frac{12 EI}{L^{3}} & - \\frac{6 EI}{L^{2}} & 0 & \\frac{12 EI}{L^{3}} & - \\frac{6 EI}{L^{2}}\\\\0 & \\frac{6 EI}{L^{2}} & \\frac{2 EI}{L} & 0 & - \\frac{6 EI}{L^{2}} & \\frac{4 EI}{L}\\end{matrix}\\right]$"
      ],
      "text/plain": [
       "Matrix([\n",
       "[ EF/L,           0,          0, -EF/L,           0,          0],\n",
       "[    0,  12*EI/L**3,  6*EI/L**2,     0, -12*EI/L**3,  6*EI/L**2],\n",
       "[    0,   6*EI/L**2,     4*EI/L,     0,  -6*EI/L**2,     2*EI/L],\n",
       "[-EF/L,           0,          0,  EF/L,           0,          0],\n",
       "[    0, -12*EI/L**3, -6*EI/L**2,     0,  12*EI/L**3, -6*EI/L**2],\n",
       "[    0,   6*EI/L**2,     2*EI/L,     0,  -6*EI/L**2,     4*EI/L]])"
      ]
     },
     "execution_count": 14,
     "metadata": {},
     "output_type": "execute_result"
    }
   ],
   "source": [
    "# Матрица жесткости элемента.\n",
    "K = simplify( Matrix(len(Z), len(Z), lambda i, j: (dEnergy - dEnergy.subs(Z[i], 0))[j]) )\n",
    "for z in Z:\n",
    "\tK = K.subs(z, 1)\n",
    "K"
   ]
  },
  {
   "cell_type": "markdown",
   "id": "1040bd22",
   "metadata": {},
   "source": [
    "### Пример расчета конструкции из трех балок\n",
    "\n",
    "<p align=\"center\">\n",
    "<img src=\"./Images/Beam_2.png\" alt=\"Расчетная схема\" width=\"450\" style=\"background-color:white;\"/>\n",
    "</p>"
   ]
  },
  {
   "cell_type": "code",
   "execution_count": 15,
   "id": "c15e0fb1",
   "metadata": {},
   "outputs": [
    {
     "data": {
      "text/plain": [
       "(Matrix([\n",
       " [ 63900000.0*H/m,            0,           0, -63900000.0*H/m,            0,           0],\n",
       " [              0,  57510.0*H/m,   28755.0*H,               0, -57510.0*H/m,   28755.0*H],\n",
       " [              0,    28755.0*H, 19170.0*H*m,               0,   -28755.0*H,  9585.0*H*m],\n",
       " [-63900000.0*H/m,            0,           0,  63900000.0*H/m,            0,           0],\n",
       " [              0, -57510.0*H/m,  -28755.0*H,               0,  57510.0*H/m,  -28755.0*H],\n",
       " [              0,    28755.0*H,  9585.0*H*m,               0,   -28755.0*H, 19170.0*H*m]]),\n",
       " Matrix([\n",
       " [ 42600000.0*H/m,            0,           0, -42600000.0*H/m,            0,           0],\n",
       " [              0,  17040.0*H/m,   12780.0*H,               0, -17040.0*H/m,   12780.0*H],\n",
       " [              0,    12780.0*H, 12780.0*H*m,               0,   -12780.0*H,  6390.0*H*m],\n",
       " [-42600000.0*H/m,            0,           0,  42600000.0*H/m,            0,           0],\n",
       " [              0, -17040.0*H/m,  -12780.0*H,               0,  17040.0*H/m,  -12780.0*H],\n",
       " [              0,    12780.0*H,  6390.0*H*m,               0,   -12780.0*H, 12780.0*H*m]]),\n",
       " Matrix([\n",
       " [ 35445342.5387921*H/m,                     0,                    0, -35445342.5387921*H/m,                     0,                    0],\n",
       " [                    0,  9815.63331843475*H/m,   8847.69230769231*H,                     0, -9815.63331843475*H/m,   8847.69230769231*H],\n",
       " [                    0,    8847.69230769231*H, 10633.6027616376*H*m,                     0,   -8847.69230769231*H, 5316.80138081882*H*m],\n",
       " [-35445342.5387921*H/m,                     0,                    0,  35445342.5387921*H/m,                     0,                    0],\n",
       " [                    0, -9815.63331843475*H/m,  -8847.69230769231*H,                     0,  9815.63331843475*H/m,  -8847.69230769231*H],\n",
       " [                    0,    8847.69230769231*H, 5316.80138081882*H*m,                     0,   -8847.69230769231*H, 10633.6027616376*H*m]]))"
      ]
     },
     "execution_count": 15,
     "metadata": {},
     "output_type": "execute_result"
    }
   ],
   "source": [
    "# Ньютоны и метры.\n",
    "H, m = symbols('H, m', positive=True, real=True)\n",
    "# Модуль упругости материала.\n",
    "E = 0.71e+11 * H / m**2\n",
    "# Размеры сечения.\n",
    "a = 0.03 * m\n",
    "b = 0.03 * m\n",
    "# Площадь сечения.\n",
    "F = a * b\n",
    "# Момент инерции сечения для оси z.\n",
    "Iz = a * b ** 3 / 12\n",
    "# Размеры балок.\n",
    "L1 = 1 * m\n",
    "L2 = 1.5 * m\n",
    "L3 = sqrt(L1**2 + L2**2)\n",
    "# Матрица жесткости элемента.\n",
    "K1 = K.subs({EF: E * F, EI: E * Iz, L: L1})\n",
    "K2 = K.subs({EF: E * F, EI: E * Iz, L: L2})\n",
    "K3 = K.subs({EF: E * F, EI: E * Iz, L: L3})\n",
    "K1, K2, K3"
   ]
  },
  {
   "cell_type": "code",
   "execution_count": 16,
   "id": "848bb385",
   "metadata": {},
   "outputs": [
    {
     "data": {
      "text/plain": [
       "(Matrix([\n",
       " [1, 0, 0, 0, 0, 0],\n",
       " [0, 1, 0, 0, 0, 0],\n",
       " [0, 0, 1, 0, 0, 0],\n",
       " [0, 0, 0, 1, 0, 0],\n",
       " [0, 0, 0, 0, 1, 0],\n",
       " [0, 0, 0, 0, 0, 1]]),\n",
       " Matrix([\n",
       " [0, -1, 0, 0,  0, 0],\n",
       " [1,  0, 0, 0,  0, 0],\n",
       " [0,  0, 1, 0,  0, 0],\n",
       " [0,  0, 0, 0, -1, 0],\n",
       " [0,  0, 0, 1,  0, 0],\n",
       " [0,  0, 0, 0,  0, 1]]),\n",
       " Matrix([\n",
       " [0.554700196225229, -0.832050294337844, 0,                 0,                  0, 0],\n",
       " [0.832050294337844,  0.554700196225229, 0,                 0,                  0, 0],\n",
       " [                0,                  0, 1,                 0,                  0, 0],\n",
       " [                0,                  0, 0, 0.554700196225229, -0.832050294337844, 0],\n",
       " [                0,                  0, 0, 0.832050294337844,  0.554700196225229, 0],\n",
       " [                0,                  0, 0,                 0,                  0, 1]]))"
      ]
     },
     "execution_count": 16,
     "metadata": {},
     "output_type": "execute_result"
    }
   ],
   "source": [
    "# Матрица поворота вокруг оси z.\n",
    "COS, SIN = symbols(\"COS, SIN\")\n",
    "Tz = Matrix([[  COS, -SIN,    0,    0,    0,    0],\n",
    "             [  SIN,  COS,    0,    0,    0,    0],\n",
    "             [    0,    0,    1,    0,    0,    0],\n",
    "             [    0,    0,    0,  COS, -SIN,    0],\n",
    "             [    0,    0,    0,  SIN,  COS,    0],\n",
    "             [    0,    0,    0,    0,    0,    1]])\n",
    "\n",
    "T1 = Tz.subs({COS: 1, SIN: 0})\n",
    "T2 = Tz.subs({COS: 0, SIN: 1})\n",
    "T3 = Tz.subs({COS: L1 / L3, SIN: L2 / L3})\n",
    "T1, T2, T3"
   ]
  },
  {
   "cell_type": "code",
   "execution_count": 17,
   "id": "5525f633",
   "metadata": {},
   "outputs": [
    {
     "data": {
      "text/plain": [
       "(Matrix([\n",
       " [ 63900000.0*H/m,            0,           0, -63900000.0*H/m,            0,           0],\n",
       " [              0,  57510.0*H/m,   28755.0*H,               0, -57510.0*H/m,   28755.0*H],\n",
       " [              0,    28755.0*H, 19170.0*H*m,               0,   -28755.0*H,  9585.0*H*m],\n",
       " [-63900000.0*H/m,            0,           0,  63900000.0*H/m,            0,           0],\n",
       " [              0, -57510.0*H/m,  -28755.0*H,               0,  57510.0*H/m,  -28755.0*H],\n",
       " [              0,    28755.0*H,  9585.0*H*m,               0,   -28755.0*H, 19170.0*H*m]]),\n",
       " Matrix([\n",
       " [ 17040.0*H/m,               0,  -12780.0*H, -17040.0*H/m,               0,  -12780.0*H],\n",
       " [           0,  42600000.0*H/m,           0,            0, -42600000.0*H/m,           0],\n",
       " [  -12780.0*H,               0, 12780.0*H*m,    12780.0*H,               0,  6390.0*H*m],\n",
       " [-17040.0*H/m,               0,   12780.0*H,  17040.0*H/m,               0,   12780.0*H],\n",
       " [           0, -42600000.0*H/m,           0,            0,  42600000.0*H/m,           0],\n",
       " [  -12780.0*H,               0,  6390.0*H*m,    12780.0*H,               0, 12780.0*H*m]]),\n",
       " Matrix([\n",
       " [ 10913054.6811565*H/m,  16354858.5717571*H/m,  -7361.72498882606*H, -10913054.6811565*H/m, -16354858.5717571*H/m,  -7361.72498882606*H],\n",
       " [ 16354858.5717571*H/m,  24542103.4909541*H/m,   4907.81665921737*H, -16354858.5717571*H/m, -24542103.4909541*H/m,   4907.81665921737*H],\n",
       " [  -7361.72498882606*H,    4907.81665921737*H, 10633.6027616376*H*m,    7361.72498882606*H,   -4907.81665921737*H, 5316.80138081882*H*m],\n",
       " [-10913054.6811565*H/m, -16354858.5717571*H/m,   7361.72498882606*H,  10913054.6811565*H/m,  16354858.5717571*H/m,   7361.72498882606*H],\n",
       " [-16354858.5717571*H/m, -24542103.4909541*H/m,  -4907.81665921737*H,  16354858.5717571*H/m,  24542103.4909541*H/m,  -4907.81665921737*H],\n",
       " [  -7361.72498882606*H,    4907.81665921737*H, 5316.80138081882*H*m,    7361.72498882606*H,   -4907.81665921737*H, 10633.6027616376*H*m]]))"
      ]
     },
     "execution_count": 17,
     "metadata": {},
     "output_type": "execute_result"
    }
   ],
   "source": [
    "# Перевод матриц жесткости элементов в глобальную систему координат.\n",
    "K1 = T1 * K1 * T1.T\n",
    "K2 = T2 * K2 * T2.T\n",
    "K3 = T3 * K3 * T3.T\n",
    "K1, K2, K3"
   ]
  },
  {
   "cell_type": "code",
   "execution_count": 18,
   "id": "3bdac106",
   "metadata": {},
   "outputs": [
    {
     "data": {
      "text/latex": [
       "$\\displaystyle \\left[\\begin{array}{cccccccccccccccccc}\\frac{63900000.0 H}{m} & 0 & 0 & - \\frac{63900000.0 H}{m} & 0 & 0 & 0 & 0 & 0 & 0 & 0 & 0 & 0 & 0 & 0 & 0 & 0 & 0\\\\0 & \\frac{57510.0 H}{m} & 28755.0 H & 0 & - \\frac{57510.0 H}{m} & 28755.0 H & 0 & 0 & 0 & 0 & 0 & 0 & 0 & 0 & 0 & 0 & 0 & 0\\\\0 & 28755.0 H & 19170.0 H m & 0 & - 28755.0 H & 9585.0 H m & 0 & 0 & 0 & 0 & 0 & 0 & 0 & 0 & 0 & 0 & 0 & 0\\\\- \\frac{63900000.0 H}{m} & 0 & 0 & \\frac{63900000.0 H}{m} & 0 & 0 & 0 & 0 & 0 & 0 & 0 & 0 & 0 & 0 & 0 & 0 & 0 & 0\\\\0 & - \\frac{57510.0 H}{m} & - 28755.0 H & 0 & \\frac{57510.0 H}{m} & - 28755.0 H & 0 & 0 & 0 & 0 & 0 & 0 & 0 & 0 & 0 & 0 & 0 & 0\\\\0 & 28755.0 H & 9585.0 H m & 0 & - 28755.0 H & 19170.0 H m & 0 & 0 & 0 & 0 & 0 & 0 & 0 & 0 & 0 & 0 & 0 & 0\\\\0 & 0 & 0 & 0 & 0 & 0 & \\frac{17040.0 H}{m} & 0 & - 12780.0 H & - \\frac{17040.0 H}{m} & 0 & - 12780.0 H & 0 & 0 & 0 & 0 & 0 & 0\\\\0 & 0 & 0 & 0 & 0 & 0 & 0 & \\frac{42600000.0 H}{m} & 0 & 0 & - \\frac{42600000.0 H}{m} & 0 & 0 & 0 & 0 & 0 & 0 & 0\\\\0 & 0 & 0 & 0 & 0 & 0 & - 12780.0 H & 0 & 12780.0 H m & 12780.0 H & 0 & 6390.0 H m & 0 & 0 & 0 & 0 & 0 & 0\\\\0 & 0 & 0 & 0 & 0 & 0 & - \\frac{17040.0 H}{m} & 0 & 12780.0 H & \\frac{17040.0 H}{m} & 0 & 12780.0 H & 0 & 0 & 0 & 0 & 0 & 0\\\\0 & 0 & 0 & 0 & 0 & 0 & 0 & - \\frac{42600000.0 H}{m} & 0 & 0 & \\frac{42600000.0 H}{m} & 0 & 0 & 0 & 0 & 0 & 0 & 0\\\\0 & 0 & 0 & 0 & 0 & 0 & - 12780.0 H & 0 & 6390.0 H m & 12780.0 H & 0 & 12780.0 H m & 0 & 0 & 0 & 0 & 0 & 0\\\\0 & 0 & 0 & 0 & 0 & 0 & 0 & 0 & 0 & 0 & 0 & 0 & \\frac{10913054.6811565 H}{m} & \\frac{16354858.5717571 H}{m} & - 7361.72498882606 H & - \\frac{10913054.6811565 H}{m} & - \\frac{16354858.5717571 H}{m} & - 7361.72498882606 H\\\\0 & 0 & 0 & 0 & 0 & 0 & 0 & 0 & 0 & 0 & 0 & 0 & \\frac{16354858.5717571 H}{m} & \\frac{24542103.4909541 H}{m} & 4907.81665921737 H & - \\frac{16354858.5717571 H}{m} & - \\frac{24542103.4909541 H}{m} & 4907.81665921737 H\\\\0 & 0 & 0 & 0 & 0 & 0 & 0 & 0 & 0 & 0 & 0 & 0 & - 7361.72498882606 H & 4907.81665921737 H & 10633.6027616376 H m & 7361.72498882606 H & - 4907.81665921737 H & 5316.80138081882 H m\\\\0 & 0 & 0 & 0 & 0 & 0 & 0 & 0 & 0 & 0 & 0 & 0 & - \\frac{10913054.6811565 H}{m} & - \\frac{16354858.5717571 H}{m} & 7361.72498882606 H & \\frac{10913054.6811565 H}{m} & \\frac{16354858.5717571 H}{m} & 7361.72498882606 H\\\\0 & 0 & 0 & 0 & 0 & 0 & 0 & 0 & 0 & 0 & 0 & 0 & - \\frac{16354858.5717571 H}{m} & - \\frac{24542103.4909541 H}{m} & - 4907.81665921737 H & \\frac{16354858.5717571 H}{m} & \\frac{24542103.4909541 H}{m} & - 4907.81665921737 H\\\\0 & 0 & 0 & 0 & 0 & 0 & 0 & 0 & 0 & 0 & 0 & 0 & - 7361.72498882606 H & 4907.81665921737 H & 5316.80138081882 H m & 7361.72498882606 H & - 4907.81665921737 H & 10633.6027616376 H m\\end{array}\\right]$"
      ],
      "text/plain": [
       "Matrix([\n",
       "[ 63900000.0*H/m,            0,           0, -63900000.0*H/m,            0,           0,            0,               0,           0,            0,               0,           0,                     0,                     0,                    0,                     0,                     0,                    0],\n",
       "[              0,  57510.0*H/m,   28755.0*H,               0, -57510.0*H/m,   28755.0*H,            0,               0,           0,            0,               0,           0,                     0,                     0,                    0,                     0,                     0,                    0],\n",
       "[              0,    28755.0*H, 19170.0*H*m,               0,   -28755.0*H,  9585.0*H*m,            0,               0,           0,            0,               0,           0,                     0,                     0,                    0,                     0,                     0,                    0],\n",
       "[-63900000.0*H/m,            0,           0,  63900000.0*H/m,            0,           0,            0,               0,           0,            0,               0,           0,                     0,                     0,                    0,                     0,                     0,                    0],\n",
       "[              0, -57510.0*H/m,  -28755.0*H,               0,  57510.0*H/m,  -28755.0*H,            0,               0,           0,            0,               0,           0,                     0,                     0,                    0,                     0,                     0,                    0],\n",
       "[              0,    28755.0*H,  9585.0*H*m,               0,   -28755.0*H, 19170.0*H*m,            0,               0,           0,            0,               0,           0,                     0,                     0,                    0,                     0,                     0,                    0],\n",
       "[              0,            0,           0,               0,            0,           0,  17040.0*H/m,               0,  -12780.0*H, -17040.0*H/m,               0,  -12780.0*H,                     0,                     0,                    0,                     0,                     0,                    0],\n",
       "[              0,            0,           0,               0,            0,           0,            0,  42600000.0*H/m,           0,            0, -42600000.0*H/m,           0,                     0,                     0,                    0,                     0,                     0,                    0],\n",
       "[              0,            0,           0,               0,            0,           0,   -12780.0*H,               0, 12780.0*H*m,    12780.0*H,               0,  6390.0*H*m,                     0,                     0,                    0,                     0,                     0,                    0],\n",
       "[              0,            0,           0,               0,            0,           0, -17040.0*H/m,               0,   12780.0*H,  17040.0*H/m,               0,   12780.0*H,                     0,                     0,                    0,                     0,                     0,                    0],\n",
       "[              0,            0,           0,               0,            0,           0,            0, -42600000.0*H/m,           0,            0,  42600000.0*H/m,           0,                     0,                     0,                    0,                     0,                     0,                    0],\n",
       "[              0,            0,           0,               0,            0,           0,   -12780.0*H,               0,  6390.0*H*m,    12780.0*H,               0, 12780.0*H*m,                     0,                     0,                    0,                     0,                     0,                    0],\n",
       "[              0,            0,           0,               0,            0,           0,            0,               0,           0,            0,               0,           0,  10913054.6811565*H/m,  16354858.5717571*H/m,  -7361.72498882606*H, -10913054.6811565*H/m, -16354858.5717571*H/m,  -7361.72498882606*H],\n",
       "[              0,            0,           0,               0,            0,           0,            0,               0,           0,            0,               0,           0,  16354858.5717571*H/m,  24542103.4909541*H/m,   4907.81665921737*H, -16354858.5717571*H/m, -24542103.4909541*H/m,   4907.81665921737*H],\n",
       "[              0,            0,           0,               0,            0,           0,            0,               0,           0,            0,               0,           0,   -7361.72498882606*H,    4907.81665921737*H, 10633.6027616376*H*m,    7361.72498882606*H,   -4907.81665921737*H, 5316.80138081882*H*m],\n",
       "[              0,            0,           0,               0,            0,           0,            0,               0,           0,            0,               0,           0, -10913054.6811565*H/m, -16354858.5717571*H/m,   7361.72498882606*H,  10913054.6811565*H/m,  16354858.5717571*H/m,   7361.72498882606*H],\n",
       "[              0,            0,           0,               0,            0,           0,            0,               0,           0,            0,               0,           0, -16354858.5717571*H/m, -24542103.4909541*H/m,  -4907.81665921737*H,  16354858.5717571*H/m,  24542103.4909541*H/m,  -4907.81665921737*H],\n",
       "[              0,            0,           0,               0,            0,           0,            0,               0,           0,            0,               0,           0,   -7361.72498882606*H,    4907.81665921737*H, 5316.80138081882*H*m,    7361.72498882606*H,   -4907.81665921737*H, 10633.6027616376*H*m]])"
      ]
     },
     "execution_count": 18,
     "metadata": {},
     "output_type": "execute_result"
    }
   ],
   "source": [
    "# Объединение матриц жесткости в одну, пустые места заполняются нулями.\n",
    "Kl = zeros(6 * 3)\n",
    "Kl[0:6, 0:6] = K1\n",
    "Kl[6:12, 6:12] = K2\n",
    "Kl[12:18, 12:18] = K3\n",
    "Kl"
   ]
  },
  {
   "cell_type": "code",
   "execution_count": 19,
   "id": "3dca7332",
   "metadata": {},
   "outputs": [
    {
     "data": {
      "text/latex": [
       "$\\displaystyle \\left[\\begin{matrix}1 & 0 & 0 & 0 & 0 & 0 & 0 & 0 & 0\\\\0 & 1 & 0 & 0 & 0 & 0 & 0 & 0 & 0\\\\0 & 0 & 1 & 0 & 0 & 0 & 0 & 0 & 0\\\\0 & 0 & 0 & 1 & 0 & 0 & 0 & 0 & 0\\\\0 & 0 & 0 & 0 & 1 & 0 & 0 & 0 & 0\\\\0 & 0 & 0 & 0 & 0 & 1 & 0 & 0 & 0\\\\1 & 0 & 0 & 0 & 0 & 0 & 0 & 0 & 0\\\\0 & 1 & 0 & 0 & 0 & 0 & 0 & 0 & 0\\\\0 & 0 & 1 & 0 & 0 & 0 & 0 & 0 & 0\\\\0 & 0 & 0 & 0 & 0 & 0 & 1 & 0 & 0\\\\0 & 0 & 0 & 0 & 0 & 0 & 0 & 1 & 0\\\\0 & 0 & 0 & 0 & 0 & 0 & 0 & 0 & 1\\\\0 & 0 & 0 & 1 & 0 & 0 & 0 & 0 & 0\\\\0 & 0 & 0 & 0 & 1 & 0 & 0 & 0 & 0\\\\0 & 0 & 0 & 0 & 0 & 1 & 0 & 0 & 0\\\\0 & 0 & 0 & 0 & 0 & 0 & 1 & 0 & 0\\\\0 & 0 & 0 & 0 & 0 & 0 & 0 & 1 & 0\\\\0 & 0 & 0 & 0 & 0 & 0 & 0 & 0 & 1\\end{matrix}\\right]$"
      ],
      "text/plain": [
       "Matrix([\n",
       "[1, 0, 0, 0, 0, 0, 0, 0, 0],\n",
       "[0, 1, 0, 0, 0, 0, 0, 0, 0],\n",
       "[0, 0, 1, 0, 0, 0, 0, 0, 0],\n",
       "[0, 0, 0, 1, 0, 0, 0, 0, 0],\n",
       "[0, 0, 0, 0, 1, 0, 0, 0, 0],\n",
       "[0, 0, 0, 0, 0, 1, 0, 0, 0],\n",
       "[1, 0, 0, 0, 0, 0, 0, 0, 0],\n",
       "[0, 1, 0, 0, 0, 0, 0, 0, 0],\n",
       "[0, 0, 1, 0, 0, 0, 0, 0, 0],\n",
       "[0, 0, 0, 0, 0, 0, 1, 0, 0],\n",
       "[0, 0, 0, 0, 0, 0, 0, 1, 0],\n",
       "[0, 0, 0, 0, 0, 0, 0, 0, 1],\n",
       "[0, 0, 0, 1, 0, 0, 0, 0, 0],\n",
       "[0, 0, 0, 0, 1, 0, 0, 0, 0],\n",
       "[0, 0, 0, 0, 0, 1, 0, 0, 0],\n",
       "[0, 0, 0, 0, 0, 0, 1, 0, 0],\n",
       "[0, 0, 0, 0, 0, 0, 0, 1, 0],\n",
       "[0, 0, 0, 0, 0, 0, 0, 0, 1]])"
      ]
     },
     "execution_count": 19,
     "metadata": {},
     "output_type": "execute_result"
    }
   ],
   "source": [
    "# Построение матрицы связей.\n",
    "Z = Matrix().zeros(3)\n",
    "O = Matrix().eye(3)\n",
    "# Общие узлы    1           2             3\n",
    "A =             O.row_join( Z ).row_join( Z )   # Элемент 1, узел 1.\n",
    "A = A.col_join( Z.row_join( O ).row_join( Z ))  # Элемент 1, узел 2.\n",
    "\n",
    "A = A.col_join( O.row_join( Z ).row_join( Z ))  # Элемент 2, узел 1.\n",
    "A = A.col_join( Z.row_join( Z ).row_join( O ))  # Элемент 2, узел 2.\n",
    "\n",
    "A = A.col_join( Z.row_join( O ).row_join( Z ))  # Элемент 3, узел 1.\n",
    "A = A.col_join( Z.row_join( Z ).row_join( O ))  # Элемент 3, узел 2.\n",
    "\n",
    "A"
   ]
  },
  {
   "cell_type": "code",
   "execution_count": 20,
   "id": "8512e37d",
   "metadata": {},
   "outputs": [
    {
     "data": {
      "text/latex": [
       "$\\displaystyle \\left[\\begin{matrix}\\frac{63917040.0 H}{m} & 0 & - 12780.0 H & - \\frac{63900000.0 H}{m} & 0 & 0 & - \\frac{17040.0 H}{m} & 0 & - 12780.0 H\\\\0 & \\frac{42657510.0 H}{m} & 28755.0 H & 0 & - \\frac{57510.0 H}{m} & 28755.0 H & 0 & - \\frac{42600000.0 H}{m} & 0\\\\- 12780.0 H & 28755.0 H & 31950.0 H m & 0 & - 28755.0 H & 9585.0 H m & 12780.0 H & 0 & 6390.0 H m\\\\- \\frac{63900000.0 H}{m} & 0 & 0 & \\frac{74813054.6811565 H}{m} & \\frac{16354858.5717571 H}{m} & - 7361.72498882606 H & - \\frac{10913054.6811565 H}{m} & - \\frac{16354858.5717571 H}{m} & - 7361.72498882606 H\\\\0 & - \\frac{57510.0 H}{m} & - 28755.0 H & \\frac{16354858.5717571 H}{m} & \\frac{24599613.4909541 H}{m} & - 23847.1833407826 H & - \\frac{16354858.5717571 H}{m} & - \\frac{24542103.4909541 H}{m} & 4907.81665921737 H\\\\0 & 28755.0 H & 9585.0 H m & - 7361.72498882606 H & - 23847.1833407826 H & 29803.6027616376 H m & 7361.72498882606 H & - 4907.81665921737 H & 5316.80138081882 H m\\\\- \\frac{17040.0 H}{m} & 0 & 12780.0 H & - \\frac{10913054.6811565 H}{m} & - \\frac{16354858.5717571 H}{m} & 7361.72498882606 H & \\frac{10930094.6811565 H}{m} & \\frac{16354858.5717571 H}{m} & 20141.7249888261 H\\\\0 & - \\frac{42600000.0 H}{m} & 0 & - \\frac{16354858.5717571 H}{m} & - \\frac{24542103.4909541 H}{m} & - 4907.81665921737 H & \\frac{16354858.5717571 H}{m} & \\frac{67142103.4909541 H}{m} & - 4907.81665921737 H\\\\- 12780.0 H & 0 & 6390.0 H m & - 7361.72498882606 H & 4907.81665921737 H & 5316.80138081882 H m & 20141.7249888261 H & - 4907.81665921737 H & 23413.6027616376 H m\\end{matrix}\\right]$"
      ],
      "text/plain": [
       "Matrix([\n",
       "[ 63917040.0*H/m,               0,  -12780.0*H,       -63900000.0*H/m,                     0,                    0,          -17040.0*H/m,                     0,           -12780.0*H],\n",
       "[              0,  42657510.0*H/m,   28755.0*H,                     0,          -57510.0*H/m,            28755.0*H,                     0,       -42600000.0*H/m,                    0],\n",
       "[     -12780.0*H,       28755.0*H, 31950.0*H*m,                     0,            -28755.0*H,           9585.0*H*m,             12780.0*H,                     0,           6390.0*H*m],\n",
       "[-63900000.0*H/m,               0,           0,  74813054.6811565*H/m,  16354858.5717571*H/m,  -7361.72498882606*H, -10913054.6811565*H/m, -16354858.5717571*H/m,  -7361.72498882606*H],\n",
       "[              0,    -57510.0*H/m,  -28755.0*H,  16354858.5717571*H/m,  24599613.4909541*H/m,  -23847.1833407826*H, -16354858.5717571*H/m, -24542103.4909541*H/m,   4907.81665921737*H],\n",
       "[              0,       28755.0*H,  9585.0*H*m,   -7361.72498882606*H,   -23847.1833407826*H, 29803.6027616376*H*m,    7361.72498882606*H,   -4907.81665921737*H, 5316.80138081882*H*m],\n",
       "[   -17040.0*H/m,               0,   12780.0*H, -10913054.6811565*H/m, -16354858.5717571*H/m,   7361.72498882606*H,  10930094.6811565*H/m,  16354858.5717571*H/m,   20141.7249888261*H],\n",
       "[              0, -42600000.0*H/m,           0, -16354858.5717571*H/m, -24542103.4909541*H/m,  -4907.81665921737*H,  16354858.5717571*H/m,  67142103.4909541*H/m,  -4907.81665921737*H],\n",
       "[     -12780.0*H,               0,  6390.0*H*m,   -7361.72498882606*H,    4907.81665921737*H, 5316.80138081882*H*m,    20141.7249888261*H,   -4907.81665921737*H, 23413.6027616376*H*m]])"
      ]
     },
     "execution_count": 20,
     "metadata": {},
     "output_type": "execute_result"
    }
   ],
   "source": [
    "# Глобальная матрица жесткости.\n",
    "Kglobal = simplify(A.T * Kl * A)\n",
    "Kglobal"
   ]
  },
  {
   "cell_type": "code",
   "execution_count": 21,
   "id": "0079f92b",
   "metadata": {},
   "outputs": [
    {
     "data": {
      "text/latex": [
